DRM_type = 'DABNet';
dt = 0.005;
dt_unit = 'hour';
ninput = 4;
noutput = 2;
input_names = {'Q1.F' 'Q3.F' 'Q5.F' 'Q7.F'};
input_descs = {'Q1' 'Q3' 'Q5' 'Q7'};
input_units = {'m3/hr' 'm3/hr' 'm3/hr' 'm3/hr'};
input_indices = [1 2 3 4];
input_lowers = [2 25 2 25];
input_uppers = [3 35 3 35];
output_names = {'pH_Tank1.pH' 'pH_Tank2.pH'};
output_descs = {'pH1' 'pH2'};
output_units = {' ' ' '};
output_indices = [1 2];
nu = 4;
ny = 2;
u_mean(1) = 2.45582;
u_mean(2) = 29.6846;
u_mean(3) = 2.50472;
u_mean(4) = 29.2495;
y_mean(1) = 7.46347;
y_mean(2) = 8.51537;
u_sigma(1) = 0.363137;
u_sigma(2) = 3.25538;
u_sigma(3) = 0.37847;
u_sigma(4) = 3.40003;
y_sigma(1) = 2.53413;
y_sigma(2) = 2.67419;
A{1,1} = [0.845656 -0.12737 -0.0931842 0.0371089 0.00464474 -0.0313852 -0.0107808 
0.12737 0.157268 -0.643441 -0.212402 -0.096038 0.22527 0.0394219 
-0.0931842 0.643441 -0.508486 0.173053 0.0746034 -0.179233 -0.0324806 
0.0371089 0.212402 0.173053 0.837471 -0.218171 0.156063 -0.0266653 
-0.00464474 -0.096038 -0.0746034 0.218171 0.859823 0.412697 0.114615 
-0.0313852 -0.22527 -0.179233 0.156063 -0.412697 0.464222 0.453101 
0.0107808 0.0394219 0.0324806 0.0266653 0.114615 -0.453101 0.851683 
];
B{1,1} = [1.36244 -0.538533 0.397669 -0.134867 0.00801186 0.105452 -0.0409895 ]';
A{1,2} = [0.830815 
];
B{1,2} = [1.67732 ]';
A{1,3} = [-0.477048 0.590636 -0.0524013 0.0180571 -0.170712 -0.0756283 
-0.590636 0.245245 0.440045 0.0137906 0.207644 0.0674265 
-0.0524013 -0.440045 0.772099 0.159252 -0.143654 -0.0662141 
-0.0180571 0.0137906 -0.159252 0.984643 0.0258811 0.00897806 
-0.170712 -0.207644 -0.143654 -0.0258811 0.766468 -0.427799 
0.0756283 0.0674265 0.0662141 0.00897806 0.427799 0.812796 
];
B{1,3} = [0.566011 -0.48319 0.290614 -0.0440955 0.0735991 0.0512408 ]';
A{1,4} = [0.197813 0.712722 -0.0491231 0.28449 -0.053987 0.100352 
-0.712722 0.531591 0.0678055 -0.372202 -0.00851318 -0.0760063 
-0.0491231 -0.0678055 0.978656 0.121933 -0.0549549 0.0296603 
-0.28449 -0.372202 -0.121933 -0.302833 -0.336685 0.165279 
0.053987 -0.00851318 0.0549549 -0.336685 0.801565 0.428319 
0.100352 0.0760063 0.0296603 -0.165279 -0.428319 0.772443 
];
B{1,4} = [0.480178 -0.127219 0.0567191 0.313575 0.0466991 -0.0670562 ]';
NN(1).nx = 20;
NN(1).ny = 1;
NN(1).nhid = 1;
NN(1).nneuron_hid = 10;
NN(1).iactivation_hidden = 2;
NN(1).iactivation_output = 0;
NN(1).steepness_hidden = 1;
NN(1).steepness_output = 1;
NN(1).weight(1) = -17.7515;
NN(1).weight(2) = -11.1248;
NN(1).weight(3) = 1.26029;
NN(1).weight(4) = -4.16205;
NN(1).weight(5) = -4.73263;
NN(1).weight(6) = 1.23089;
NN(1).weight(7) = -6.2048;
NN(1).weight(8) = 5.1515;
NN(1).weight(9) = 0.193224;
NN(1).weight(10) = -0.599389;
NN(1).weight(11) = -1.77295;
NN(1).weight(12) = -1.19315;
NN(1).weight(13) = -1.90449;
NN(1).weight(14) = -0.194247;
NN(1).weight(15) = -4.19808;
NN(1).weight(16) = -0.617262;
NN(1).weight(17) = -0.410519;
NN(1).weight(18) = 0.371688;
NN(1).weight(19) = -4.90287;
NN(1).weight(20) = 0.132339;
NN(1).weight(21) = 0.798732;
NN(1).weight(22) = 4.09243;
NN(1).weight(23) = -3.59716;
NN(1).weight(24) = 0.249067;
NN(1).weight(25) = -0.877761;
NN(1).weight(26) = -1.45494;
NN(1).weight(27) = -1.50978;
NN(1).weight(28) = 2.07954;
NN(1).weight(29) = -16.9246;
NN(1).weight(30) = 1.03998;
NN(1).weight(31) = -3.48134;
NN(1).weight(32) = 0.686644;
NN(1).weight(33) = 3.34271;
NN(1).weight(34) = 2.5137;
NN(1).weight(35) = -2.14249;
NN(1).weight(36) = 1.61727;
NN(1).weight(37) = 0.147388;
NN(1).weight(38) = 1.4498;
NN(1).weight(39) = 1.04787;
NN(1).weight(40) = 1.81025;
NN(1).weight(41) = -0.108292;
NN(1).weight(42) = -5.15151;
NN(1).weight(43) = -12.4166;
NN(1).weight(44) = 0.912232;
NN(1).weight(45) = -0.228496;
NN(1).weight(46) = -0.347387;
NN(1).weight(47) = 4.24748;
NN(1).weight(48) = -0.737015;
NN(1).weight(49) = 4.44874;
NN(1).weight(50) = 5.07017;
NN(1).weight(51) = -2.83811;
NN(1).weight(52) = -0.584594;
NN(1).weight(53) = -4.38815;
NN(1).weight(54) = -1.97963;
NN(1).weight(55) = -5.71641;
NN(1).weight(56) = -7.58957;
NN(1).weight(57) = -2.58519;
NN(1).weight(58) = 5.60874;
NN(1).weight(59) = -1.60857;
NN(1).weight(60) = -7.65931;
NN(1).weight(61) = -5.9054;
NN(1).weight(62) = 3.68482;
NN(1).weight(63) = 3.74894;
NN(1).weight(64) = 6.23035;
NN(1).weight(65) = -11.9544;
NN(1).weight(66) = -11.739;
NN(1).weight(67) = 16.1918;
NN(1).weight(68) = -2.14254;
NN(1).weight(69) = -7.37113;
NN(1).weight(70) = -15.8464;
NN(1).weight(71) = -9.9586;
NN(1).weight(72) = -1.85504;
NN(1).weight(73) = 13.1063;
NN(1).weight(74) = 0.525055;
NN(1).weight(75) = 0.902021;
NN(1).weight(76) = 0.806061;
NN(1).weight(77) = -22.9619;
NN(1).weight(78) = 0.791256;
NN(1).weight(79) = -2.15526;
NN(1).weight(80) = 12.907;
NN(1).weight(81) = -50.1379;
NN(1).weight(82) = -2.45806;
NN(1).weight(83) = -46.919;
NN(1).weight(84) = 2.90704;
NN(1).weight(85) = 6.59922;
NN(1).weight(86) = 0.50952;
NN(1).weight(87) = -0.757745;
NN(1).weight(88) = -2.45582;
NN(1).weight(89) = -1.55224;
NN(1).weight(90) = 0.640724;
NN(1).weight(91) = -1.21768;
NN(1).weight(92) = -1.39471;
NN(1).weight(93) = -0.819767;
NN(1).weight(94) = -0.327796;
NN(1).weight(95) = -0.610436;
NN(1).weight(96) = -0.803892;
NN(1).weight(97) = -0.952431;
NN(1).weight(98) = -1.87703;
NN(1).weight(99) = -0.00518919;
NN(1).weight(100) = 1.26391;
NN(1).weight(101) = -0.846449;
NN(1).weight(102) = -0.352451;
NN(1).weight(103) = -0.170151;
NN(1).weight(104) = 0.376976;
NN(1).weight(105) = -0.791757;
NN(1).weight(106) = -14.6903;
NN(1).weight(107) = -10.4187;
NN(1).weight(108) = 0.089664;
NN(1).weight(109) = -4.14477;
NN(1).weight(110) = -4.51524;
NN(1).weight(111) = 1.0558;
NN(1).weight(112) = -4.96303;
NN(1).weight(113) = 4.62043;
NN(1).weight(114) = -0.261916;
NN(1).weight(115) = -1.2538;
NN(1).weight(116) = 2.49923;
NN(1).weight(117) = -0.234387;
NN(1).weight(118) = 0.737021;
NN(1).weight(119) = -1.04081;
NN(1).weight(120) = -4.23972;
NN(1).weight(121) = -0.0518544;
NN(1).weight(122) = -0.0466373;
NN(1).weight(123) = 0.140654;
NN(1).weight(124) = -4.44225;
NN(1).weight(125) = -0.912258;
NN(1).weight(126) = -0.190353;
NN(1).weight(127) = 12.9745;
NN(1).weight(128) = 0.0274471;
NN(1).weight(129) = 0.0611279;
NN(1).weight(130) = 0.192752;
NN(1).weight(131) = 0.367251;
NN(1).weight(132) = 0.23187;
NN(1).weight(133) = -0.209522;
NN(1).weight(134) = -18.0204;
NN(1).weight(135) = -0.120358;
NN(1).weight(136) = -0.0605271;
NN(1).weight(137) = 0.289957;
NN(1).weight(138) = -0.865076;
NN(1).weight(139) = -0.18013;
NN(1).weight(140) = -0.853591;
NN(1).weight(141) = -0.257431;
NN(1).weight(142) = 0.451816;
NN(1).weight(143) = 0.127302;
NN(1).weight(144) = 0.188565;
NN(1).weight(145) = 1.14742;
NN(1).weight(146) = 0.425981;
NN(1).weight(147) = 8.67155;
NN(1).weight(148) = 14.3059;
NN(1).weight(149) = 7.92811;
NN(1).weight(150) = -2.53087;
NN(1).weight(151) = 25.5722;
NN(1).weight(152) = 2.44613;
NN(1).weight(153) = -0.0761809;
NN(1).weight(154) = -39.613;
NN(1).weight(155) = -28.2943;
NN(1).weight(156) = -40.4437;
NN(1).weight(157) = 1.39497;
NN(1).weight(158) = -21.1761;
NN(1).weight(159) = 5.54367;
NN(1).weight(160) = 1.8057;
NN(1).weight(161) = 19.2335;
NN(1).weight(162) = 6.30273;
NN(1).weight(163) = -4.18936;
NN(1).weight(164) = 4.6612;
NN(1).weight(165) = -16.666;
NN(1).weight(166) = 0.0915445;
NN(1).weight(167) = 1.92374;
NN(1).weight(168) = -4.33139;
NN(1).weight(169) = 33.6461;
NN(1).weight(170) = 0.596727;
NN(1).weight(171) = 0.747897;
NN(1).weight(172) = 13.2616;
NN(1).weight(173) = -5.17814;
NN(1).weight(174) = -13.7093;
NN(1).weight(175) = -3.6014;
NN(1).weight(176) = -43.51;
NN(1).weight(177) = 0.940248;
NN(1).weight(178) = -2.42505;
NN(1).weight(179) = 1.51655;
NN(1).weight(180) = 2.85128;
NN(1).weight(181) = 7.71498;
NN(1).weight(182) = 2.15557;
NN(1).weight(183) = 1.54452;
NN(1).weight(184) = -2.08541;
NN(1).weight(185) = -1.80805;
NN(1).weight(186) = 2.24804;
NN(1).weight(187) = 2.90904;
NN(1).weight(188) = 3.41974;
NN(1).weight(189) = 23.9202;
NN(1).weight(190) = 0.800154;
NN(1).weight(191) = 0.00688633;
